0.000000000000000e+00	1.287432e-05
2.285714221069872e-09	1.287432e-05
4.571428442139744e-09	1.287432e-05
6.857142663209616e-09	1.287432e-05
9.142856884279487e-09	1.287432e-05
1.142857110534936e-08	1.287432e-05
1.371428532641923e-08	1.287432e-05
1.599999954748910e-08	1.287432e-05
3.199999909497819e-08	1.287432e-05
6.399999818995639e-08	1.287432e-05
1.279999963799128e-07	1.287432e-05
5.119999855196511e-07	1.287432e-05
1.023999971039302e-06	1.287432e-05
4.095999884157209e-06	1.287432e-05
1.638399953662883e-05	1.287432e-05
3.276799907325767e-05	1.287432e-05
6.553599814651534e-05	1.287432e-05
2.621439925860614e-04	1.287432e-05
5.242879851721227e-04	1.287432e-05
1.048575970344245e-03	1.287432e-05
2.097151940688491e-03	1.287432e-05
4.050276940688491e-03	1.287432e-05
6.003401940688491e-03	1.287432e-05
9.909651940688491e-03	1.287432e-05
1.186277694068849e-02	1.287432e-05
1.772215194068849e-02	1.287432e-05
2.162840194068849e-02	1.287432e-05
2.358152694068849e-02	1.287432e-05
2.748777694068849e-02	1.287432e-05
2.944090194068849e-02	1.287432e-05
3.530027694068849e-02	1.287432e-05
3.725340194068849e-02	1.287432e-05
4.701902694068849e-02	1.287432e-05
4.897215194068849e-02	1.287432e-05
5.483152694068849e-02	1.287432e-05
5.678465194068849e-02	1.287432e-05
6.850340194068849e-02	1.287432e-05
7.240965194068849e-02	1.287432e-05
7.631590194068849e-02	1.287432e-05
8.022215194068849e-02	1.287432e-05
8.412840194068849e-02	1.287432e-05
8.608152694068849e-02	1.287432e-05
9.194090194068849e-02	1.287432e-05
9.389402694068849e-02	1.287432e-05
9.584715194068849e-02	1.287432e-05
9.780027694068849e-02	1.287432e-05
9.975340194068849e-02	1.287432e-05
1.000000000000000e-01	1.287432e-05
1.005859375000000e-01	1.287432e-05
1.013671875000000e-01	1.287432e-05
1.029296875000000e-01	1.287432e-05
1.048828125000000e-01	1.287432e-05
1.068359375000000e-01	1.287432e-05
1.107421875000000e-01	1.287432e-05
1.126953125000000e-01	1.287432e-05
1.146484375000000e-01	1.287432e-05
1.166015625000000e-01	1.287432e-05
1.185546875000000e-01	1.287432e-05
1.224609375000000e-01	1.287432e-05
1.244140625000000e-01	1.287432e-05
1.263671875000000e-01	1.287432e-05
1.302734375000000e-01	1.287432e-05
1.322265625000000e-01	1.287432e-05
1.341796875000000e-01	1.287432e-05
1.380859375000000e-01	1.287432e-05
1.419921875000000e-01	1.287432e-05
1.439453125000000e-01	1.287432e-05
1.478515625000000e-01	1.287432e-05
1.498046875000000e-01	1.287432e-05
1.500000000000000e-01	1.287432e-05
1.501953125000000e-01	1.287432e-05
1.505859375000000e-01	1.287432e-05
1.529296875000000e-01	1.287432e-05
1.548828125000000e-01	1.287432e-05
1.587890625000000e-01	1.287432e-05
1.607421875000000e-01	1.287432e-05
1.646484375000000e-01	1.287432e-05
1.666015625000000e-01	1.287432e-05
1.685546875000000e-01	1.287432e-05
1.705078125000000e-01	1.287432e-05
1.724609375000000e-01	1.287432e-05
1.744140625000000e-01	1.287432e-05
1.783203125000000e-01	1.287432e-05
1.802734375000000e-01	1.287432e-05
1.822265625000000e-01	1.287432e-05
1.841796875000000e-01	1.287432e-05
1.880859375000000e-01	1.287432e-05
1.919921875000000e-01	1.287432e-05
1.939453125000000e-01	1.287432e-05
1.958984375000000e-01	1.287432e-05
1.978515625000000e-01	1.287432e-05
1.998046875000000e-01	1.287432e-05
2.000000000000000e-01	1.287432e-05
2.001953125000000e-01	1.287432e-05
2.005859375000000e-01	1.287432e-05
2.013671875000000e-01	1.287432e-05
2.029296875000000e-01	1.287432e-05
2.068359375000000e-01	1.287432e-05
2.087890625000000e-01	1.287432e-05
2.146484375000000e-01	1.287432e-05
2.166015625000000e-01	1.287432e-05
2.205078125000000e-01	1.287432e-05
2.224609375000000e-01	1.287432e-05
2.244140625000000e-01	1.287432e-05
2.263671875000000e-01	1.287432e-05
2.302734375000000e-01	1.287432e-05
2.341796875000000e-01	1.287432e-05
2.361328125000000e-01	1.287432e-05
2.380859375000000e-01	1.287432e-05
2.419921875000000e-01	1.287432e-05
2.439453125000000e-01	1.287432e-05
2.458984375000000e-01	1.287432e-05
2.478515625000000e-01	1.287432e-05
2.498046875000000e-01	1.287432e-05
2.517578125000000e-01	1.287432e-05
2.537109375000000e-01	1.287432e-05
2.556640625000000e-01	1.287432e-05
2.576171875000000e-01	1.287432e-05
2.595703125000000e-01	1.287432e-05
2.615234375000000e-01	1.287432e-05
2.654296875000000e-01	1.287432e-05
2.673828125000000e-01	1.287432e-05
2.712890625000000e-01	1.287432e-05
2.732421875000000e-01	1.287432e-05
2.751953125000000e-01	1.287432e-05
2.771484375000000e-01	1.287432e-05
2.791015625000000e-01	1.287432e-05
2.810546875000000e-01	1.287432e-05
2.849609375000000e-01	1.287432e-05
2.869140625000000e-01	1.287432e-05
2.908203125000000e-01	1.287432e-05
2.966796875000000e-01	1.287432e-05
3.000000000000000e-01	1.287432e-05
3.001953125000000e-01	1.287432e-05
3.013671875000000e-01	1.287432e-05
3.048828125000000e-01	1.287432e-05
3.068359375000000e-01	1.287432e-05
3.087890625000000e-01	1.287432e-05
3.107421875000000e-01	1.287432e-05
3.126953125000000e-01	1.287432e-05
3.146484375000000e-01	1.287432e-05
3.166015625000000e-01	1.287432e-05
3.185546875000000e-01	1.287432e-05
3.200000000000000e-01	1.287432e-05
3.201953125000000e-01	1.287432e-05
3.205859375000000e-01	1.287432e-05
3.213671875000000e-01	1.287432e-05
3.229296875000000e-01	1.287432e-05
3.248828125000000e-01	1.287432e-05
3.268359375000000e-01	1.287432e-05
3.287890625000000e-01	1.287432e-05
3.307421875000000e-01	1.287432e-05
3.326953125000000e-01	1.287432e-05
3.346484375000000e-01	1.287432e-05
3.348925781250000e-01	1.287432e-05
3.353808593750000e-01	1.287432e-05
3.363574218750000e-01	1.287432e-05
3.363879394531250e-01	1.287432e-05
3.364489746093750e-01	1.287432e-05
3.364642333984375e-01	1.287432e-05
3.364947509765625e-01	1.287432e-05
3.365557861328125e-01	1.287432e-05
3.365564705786046e-01	1.287432e-05
3.365578394701889e-01	1.287432e-05
3.365605772533573e-01	1.287432e-05
3.365660528196942e-01	1.287432e-05
3.365694406722817e-01	1.287432e-05
3.365714288643724e-01	1.287432e-05
3.365733334304039e-01	1.287432e-05
3.365750606425335e-01	1.287432e-05
3.365767406326545e-01	1.287432e-05
3.365794412156065e-01	1.287432e-05
3.365848423815104e-01	1.287432e-05
3.365897932660420e-01	1.287432e-05
3.365979850057905e-01	1.287432e-05
3.366082452439576e-01	1.287432e-05
3.366235746291060e-01	1.287433e-05
3.366408776276371e-01	1.287434e-05
3.366627136891464e-01	1.287436e-05
3.366963629561133e-01	1.287439e-05
3.367312150876826e-01	1.287444e-05
3.367877796242290e-01	1.287454e-05
3.368019207583655e-01	1.287458e-05
3.368302030266387e-01	1.287464e-05
3.368327352578017e-01	1.287465e-05
3.368377997201276e-01	1.287466e-05
3.368425169926655e-01	1.287468e-05
3.368463719127778e-01	1.287469e-05
3.368496395700936e-01	1.287470e-05
3.368531280856291e-01	1.287471e-05
3.368567017144498e-01	1.287472e-05
3.368633609887169e-01	1.287473e-05
3.368738935962417e-01	1.287476e-05
3.368949588112913e-01	1.287482e-05
3.369370892413904e-01	1.287495e-05
3.370213501015888e-01	1.287522e-05
3.371898718219855e-01	1.287583e-05
3.375155957620136e-01	1.287736e-05
3.379457918753956e-01	1.288025e-05
3.386815151576950e-01	1.288838e-05
3.398356763807716e-01	1.291398e-05
3.416759342005234e-01	1.301751e-05
3.436290592005234e-01	1.334481e-05
3.455821842005234e-01	1.622066e-05
3.458275827246143e-01	2.719924e-05
3.458351301191597e-01	2.905238e-05
3.458451933118870e-01	3.357638e-05
3.458653196973414e-01	7.542732e-05
3.458749255489584e-01	4.964942e-04
3.458807332361419e-01	4.748924e-02
3.458840354379158e-01	1.631481e-01
3.458872196495785e-01	3.045591e-01
3.458915434083761e-01	5.322631e-01
3.459001909259714e-01	1.100940e+00
3.459174859611618e-01	2.675677e+00
3.459520760315429e-01	7.546474e+00
3.459687158532009e-01	1.069480e+01
3.459793168822222e-01	1.199994e+01
3.459793281713501e-01	1.199996e+01
3.459795170505039e-01	1.199997e+01
3.459797059296578e-01	1.199997e+01
3.459798948088116e-01	1.199997e+01
3.459800836879655e-01	1.199997e+01
3.459802725671194e-01	1.199997e+01
3.459804614462732e-01	1.199997e+01
3.459806503254271e-01	1.199997e+01
3.459819883726905e-01	1.199998e+01
3.459846644672172e-01	1.199998e+01
3.459900166562706e-01	1.199998e+01
3.460007210343775e-01	1.199998e+01
3.460221297905913e-01	1.199998e+01
3.460649473030190e-01	1.199998e+01
3.461505823278742e-01	1.199998e+01
3.463218523775847e-01	1.199998e+01
3.466643924770056e-01	1.199999e+01
3.473494726758475e-01	1.199999e+01
3.487196330735314e-01	1.199999e+01
3.500000000000000e-01	1.199999e+01
3.501953125000000e-01	1.199999e+01
3.505859374999999e-01	1.199999e+01
3.513671875000000e-01	1.199999e+01
3.529296875000000e-01	1.199999e+01
3.548828125000000e-01	1.199999e+01
3.568359375000000e-01	1.199999e+01
3.587890625000000e-01	1.199999e+01
3.607421875000000e-01	1.199999e+01
3.626953125000000e-01	1.199999e+01
3.629394531250000e-01	1.199998e+01
3.634277343750000e-01	1.199998e+01
3.635498046875000e-01	1.199998e+01
3.637939453125000e-01	1.199997e+01
3.638034818347740e-01	1.199997e+01
3.638143807173729e-01	1.199996e+01
3.638361784825706e-01	1.199992e+01
3.638518174841794e-01	1.199886e+01
3.638599875357786e-01	1.190601e+01
3.638664392763401e-01	1.171044e+01
3.638727387034648e-01	1.146493e+01
3.638810549303914e-01	1.106650e+01
3.638976873842444e-01	1.002385e+01
3.639309522919505e-01	6.969841e+00
3.639575787929221e-01	3.602368e+00
3.639745683412317e-01	1.034144e+00
3.639758455493110e-01	8.282443e-01
3.639783999654695e-01	4.160642e-01
3.639802249216332e-01	1.272810e-01
3.639813984590616e-01	3.712183e-03
3.639814270853217e-01	3.223766e-03
3.639814598010475e-01	2.763937e-03
3.639815252324991e-01	2.065928e-03
3.639816560954023e-01	1.229321e-03
3.639818376813836e-01	6.833039e-04
3.639820513445824e-01	3.986861e-04
3.639823505823264e-01	2.286965e-04
3.639828008096628e-01	1.289240e-04
3.639835077516355e-01	7.462013e-05
3.639847187197719e-01	4.504954e-05
3.639869093224682e-01	3.027519e-05
3.639912905278606e-01	2.290110e-05
3.640000529386455e-01	2.026708e-05
3.640175777602152e-01	1.944027e-05
3.641227266896335e-01	1.758377e-05
3.642629252621913e-01	1.650192e-05
3.645433224073068e-01	1.526889e-05
3.651041166975379e-01	1.445164e-05
3.662257052780000e-01	1.367675e-05
3.664698459030000e-01	1.364180e-05
3.669581271530000e-01	1.350907e-05
3.670801974655000e-01	1.348122e-05
3.673243380905000e-01	1.342886e-05
3.673259467559113e-01	1.342852e-05
3.673291640867339e-01	1.342782e-05
3.673332597522443e-01	1.342688e-05
3.673374770759550e-01	1.342584e-05
3.673459117233766e-01	1.342360e-05
3.673563626612315e-01	1.342054e-05
3.673743241354940e-01	1.341464e-05
3.674073793400293e-01	1.340177e-05
3.674734897490999e-01	1.336932e-05
3.676057105672410e-01	1.328715e-05
3.676387657717763e-01	1.326394e-05
3.677048761808469e-01	1.321942e-05
3.677053238435079e-01	1.321913e-05
3.677062191688300e-01	1.321853e-05
3.677080098194743e-01	1.321734e-05
3.677115911207627e-01	1.321498e-05
3.677187537233397e-01	1.321032e-05
3.677281453581334e-01	1.320433e-05
3.677371880043411e-01	1.319871e-05
3.677514583825477e-01	1.319010e-05
3.677791143204061e-01	1.317429e-05
3.678344261961228e-01	1.314579e-05
3.679450499475563e-01	1.309887e-05
3.681662974504234e-01	1.303295e-05
3.686087924561575e-01	1.296103e-05
3.694937824676258e-01	1.290707e-05
3.712637624905622e-01	1.288235e-05
3.729795571617013e-01	1.287739e-05
3.744650346571345e-01	1.287581e-05
3.760461935953618e-01	1.287517e-05
3.775915467787567e-01	1.287480e-05
3.792111161156289e-01	1.287460e-05
3.807717516850516e-01	1.287449e-05
3.823721051640540e-01	1.287442e-05
3.839372413819589e-01	1.287438e-05
3.855382938146376e-01	1.287436e-05
3.871185188861239e-01	1.287434e-05
3.887288156457457e-01	1.287433e-05
3.903328841760644e-01	1.287433e-05
3.919737456398872e-01	1.287432e-05
3.936336725318727e-01	1.287432e-05
3.953577185926765e-01	1.287432e-05
3.971521325045241e-01	1.287432e-05
3.990816876562667e-01	1.287432e-05
4.000000000000000e-01	1.287432e-05
4.001953125000000e-01	1.287432e-05
4.005859375000000e-01	1.287432e-05
4.013671875000000e-01	1.287432e-05
4.029296875000000e-01	1.287432e-05
4.048828125000000e-01	1.287432e-05
4.068359375000000e-01	1.287432e-05
4.087890625000000e-01	1.287432e-05
4.107421875000000e-01	1.287432e-05
4.126953125000000e-01	1.287432e-05
4.146484375000000e-01	1.287432e-05
4.166015625000000e-01	1.287432e-05
4.185546875000000e-01	1.287432e-05
4.205078125000000e-01	1.287432e-05
4.224609375000000e-01	1.287432e-05
4.244140625000000e-01	1.287432e-05
4.263671875000000e-01	1.287432e-05
4.283203125000000e-01	1.287432e-05
4.302734375000000e-01	1.287432e-05
4.322265625000000e-01	1.287432e-05
4.341796875000000e-01	1.287432e-05
4.361328125000000e-01	1.287432e-05
4.400390625000000e-01	1.287432e-05
4.439453125000000e-01	1.287432e-05
4.458984375000000e-01	1.287432e-05
4.478515625000000e-01	1.287432e-05
4.498046875000000e-01	1.287432e-05
4.556640625000000e-01	1.287432e-05
4.595703125000000e-01	1.287432e-05
4.615234375000000e-01	1.287432e-05
4.654296875000000e-01	1.287432e-05
4.673828125000000e-01	1.287432e-05
4.693359375000000e-01	1.287432e-05
4.712890625000000e-01	1.287432e-05
4.751953125000000e-01	1.287432e-05
4.771484375000000e-01	1.287432e-05
4.810546875000000e-01	1.287432e-05
4.830078125000000e-01	1.287432e-05
4.849609375000000e-01	1.287432e-05
4.888671875000000e-01	1.287432e-05
4.908203125000000e-01	1.287432e-05
4.947265625000000e-01	1.287432e-05
4.966796875000000e-01	1.287432e-05
4.986328125000000e-01	1.287432e-05
5.005859375000000e-01	1.287432e-05
5.025390625000000e-01	1.287432e-05
5.064453125000000e-01	1.287432e-05
5.083984375000000e-01	1.287432e-05
5.103515625000000e-01	1.287432e-05
5.123046875000000e-01	1.287432e-05
5.162109375000000e-01	1.287432e-05
5.201171875000000e-01	1.287432e-05
5.220703125000000e-01	1.287432e-05
5.259765625000000e-01	1.287432e-05
5.279296875000000e-01	1.287432e-05
5.298828125000000e-01	1.287432e-05
5.337890625000000e-01	1.287432e-05
5.357421875000000e-01	1.287432e-05
5.376953125000000e-01	1.287432e-05
5.396484375000000e-01	1.287432e-05
5.435546875000000e-01	1.287432e-05
5.455078125000000e-01	1.287432e-05
5.494140625000000e-01	1.287432e-05
5.513671875000000e-01	1.287432e-05
5.533203125000000e-01	1.287432e-05
5.591796875000000e-01	1.287432e-05
5.630859375000000e-01	1.287432e-05
5.669921875000000e-01	1.287432e-05
5.728515625000000e-01	1.287432e-05
5.748046875000000e-01	1.287432e-05
5.767578125000000e-01	1.287432e-05
5.787109375000000e-01	1.287432e-05
5.806640625000000e-01	1.287432e-05
5.845703125000000e-01	1.287432e-05
5.904296875000000e-01	1.287432e-05
5.923828125000000e-01	1.287432e-05
5.943359375000000e-01	1.287432e-05
5.982421875000000e-01	1.287432e-05
6.000000000000000e-01	1.287432e-05
6.001953125000000e-01	1.287432e-05
6.005859375000000e-01	1.287432e-05
6.013671875000000e-01	1.287432e-05
6.048828125000000e-01	1.287432e-05
6.068359375000000e-01	1.287432e-05
6.087890625000000e-01	1.287432e-05
6.107421875000000e-01	1.287432e-05
6.126953125000000e-01	1.287432e-05
6.146484375000000e-01	1.287432e-05
6.166015625000000e-01	1.287432e-05
6.185546875000000e-01	1.287432e-05
6.205078125000000e-01	1.287432e-05
6.224609375000000e-01	1.287432e-05
6.244140625000000e-01	1.287432e-05
6.263671875000000e-01	1.287432e-05
6.322265625000000e-01	1.287432e-05
6.361328125000000e-01	1.287432e-05
6.380859375000000e-01	1.287432e-05
6.400390625000000e-01	1.287432e-05
6.419921875000000e-01	1.287432e-05
6.458984375000000e-01	1.287432e-05
6.478515625000000e-01	1.287432e-05
6.498046875000000e-01	1.287432e-05
6.517578125000000e-01	1.287432e-05
6.537109375000000e-01	1.287432e-05
6.576171875000000e-01	1.287432e-05
6.615234375000000e-01	1.287432e-05
6.634765625000000e-01	1.287432e-05
6.654296875000000e-01	1.287432e-05
6.673828125000000e-01	1.287432e-05
6.693359375000000e-01	1.287432e-05
6.732421875000000e-01	1.287432e-05
6.751953125000000e-01	1.287432e-05
6.771484375000000e-01	1.287432e-05
6.791015625000000e-01	1.287432e-05
6.800000000000000e-01	1.287432e-05
6.801953125000001e-01	1.287432e-05
6.805859375000001e-01	1.287432e-05
6.813671875000000e-01	1.287432e-05
6.848828125000000e-01	1.287432e-05
6.868359375000000e-01	1.287432e-05
6.887890625000000e-01	1.287432e-05
6.907421875000000e-01	1.287432e-05
6.946484375000000e-01	1.287432e-05
6.966015625000000e-01	1.287432e-05
6.985546875000000e-01	1.287432e-05
7.024609375000000e-01	1.287432e-05
7.044140625000000e-01	1.287432e-05
7.063671875000000e-01	1.287432e-05
7.083203125000000e-01	1.287432e-05
7.102734375000000e-01	1.287432e-05
7.141796875000000e-01	1.287432e-05
7.180859375000000e-01	1.287432e-05
7.200390625000000e-01	1.287432e-05
7.219921875000000e-01	1.287432e-05
7.239453125000000e-01	1.287432e-05
7.258984375000000e-01	1.287432e-05
7.278515625000000e-01	1.287432e-05
7.298046875000000e-01	1.287432e-05
7.317578125000000e-01	1.287432e-05
7.337109375000000e-01	1.287432e-05
7.356640625000000e-01	1.287432e-05
7.376171875000000e-01	1.287432e-05
7.415234375000000e-01	1.287432e-05
7.434765625000000e-01	1.287432e-05
7.493359375000000e-01	1.287432e-05
7.500000000000000e-01	1.287432e-05
7.501953125000000e-01	1.287432e-05
7.505859375000000e-01	1.287432e-05
7.513671875000000e-01	1.287432e-05
7.548828125000000e-01	1.287432e-05
7.568359375000000e-01	1.287432e-05
7.587890625000000e-01	1.287432e-05
7.607421875000000e-01	1.287432e-05
7.646484375000000e-01	1.287432e-05
7.666015625000000e-01	1.287432e-05
7.685546875000000e-01	1.287432e-05
7.705078125000000e-01	1.287432e-05
7.744140625000000e-01	1.287432e-05
7.763671875000000e-01	1.287432e-05
7.783203125000000e-01	1.287432e-05
7.822265625000000e-01	1.287432e-05
7.841796875000000e-01	1.287432e-05
7.861328125000000e-01	1.287432e-05
7.880859375000000e-01	1.287432e-05
7.900390625000000e-01	1.287432e-05
7.919921875000000e-01	1.287432e-05
7.939453125000000e-01	1.287432e-05
7.958984375000000e-01	1.287432e-05
7.978515625000000e-01	1.287432e-05
7.998046875000000e-01	1.287432e-05
8.037109375000000e-01	1.287432e-05
8.076171875000000e-01	1.287432e-05
8.095703125000000e-01	1.287432e-05
8.115234375000000e-01	1.287432e-05
8.134765625000000e-01	1.287432e-05
8.154296875000000e-01	1.287432e-05
8.173828125000000e-01	1.287432e-05
8.212890625000000e-01	1.287432e-05
8.251953125000000e-01	1.287432e-05
8.271484375000000e-01	1.287432e-05
8.291015625000000e-01	1.287432e-05
8.330078125000000e-01	1.287432e-05
8.369140625000000e-01	1.287432e-05
8.408203125000000e-01	1.287432e-05
8.427734375000000e-01	1.287432e-05
8.466796875000000e-01	1.287432e-05
8.486328125000000e-01	1.287432e-05
8.505859375000000e-01	1.287432e-05
8.564453125000000e-01	1.287432e-05
8.603515625000000e-01	1.287432e-05
8.617466517857143e-01	1.287432e-05
8.631417410714286e-01	1.287432e-05
8.645368303571429e-01	1.287432e-05
8.659319196428571e-01	1.287432e-05
8.673270089285714e-01	1.287432e-05
8.687220982142857e-01	1.287432e-05
8.701171875000000e-01	1.287432e-05
8.740234375000000e-01	1.287432e-05
8.798828125000000e-01	1.287432e-05
8.837890625000000e-01	1.287432e-05
8.857421875000000e-01	1.287432e-05
8.876953125000000e-01	1.287432e-05
8.896484375000000e-01	1.287432e-05
8.916015625000000e-01	1.287432e-05
8.935546875000000e-01	1.287432e-05
8.955078125000000e-01	1.287432e-05
8.974609375000000e-01	1.287432e-05
8.994140625000000e-01	1.287432e-05
9.013671875000000e-01	1.287432e-05
9.030412946428571e-01	1.287432e-05
9.047154017857143e-01	1.287432e-05
9.063895089285714e-01	1.287432e-05
9.080636160714286e-01	1.287432e-05
9.097377232142857e-01	1.287432e-05
9.114118303571429e-01	1.287432e-05
9.130859375000000e-01	1.287432e-05
9.169921875000000e-01	1.287432e-05
9.208984375000000e-01	1.287432e-05
9.248046875000000e-01	1.287432e-05
9.267578125000000e-01	1.287432e-05
9.306640625000000e-01	1.287432e-05
9.326171875000000e-01	1.287432e-05
9.345703125000000e-01	1.287432e-05
9.384765625000000e-01	1.287432e-05
9.423828125000000e-01	1.287432e-05
9.443359375000000e-01	1.287432e-05
9.462890625000000e-01	1.287432e-05
9.482421875000000e-01	1.287432e-05
9.521484375000000e-01	1.287432e-05
9.541015625000000e-01	1.287432e-05
9.560546875000000e-01	1.287432e-05
9.580078125000000e-01	1.287432e-05
9.599609375000000e-01	1.287432e-05
9.619140625000000e-01	1.287432e-05
9.638671875000000e-01	1.287432e-05
9.658203125000000e-01	1.287432e-05
9.697265625000000e-01	1.287432e-05
9.716796875000000e-01	1.287432e-05
9.736328125000000e-01	1.287432e-05
9.755859375000000e-01	1.287432e-05
9.794921875000000e-01	1.287432e-05
9.814453125000000e-01	1.287432e-05
9.833984375000000e-01	1.287432e-05
9.853515625000000e-01	1.287432e-05
9.873046875000000e-01	1.287432e-05
9.892578125000000e-01	1.287432e-05
9.931640625000000e-01	1.287432e-05
9.970703125000000e-01	1.287432e-05
9.990234375000000e-01	1.287432e-05
1.000000000000000e+00	1.287432e-05
1.000195312500000e+00	1.287432e-05
1.000585937500000e+00	1.287432e-05
1.001367187500000e+00	1.287432e-05
1.004882812500000e+00	1.287432e-05
1.008789062500000e+00	1.287432e-05
1.010742187500000e+00	1.287432e-05
1.014648437500000e+00	1.287432e-05
1.016601562500000e+00	1.287432e-05
1.018554687500000e+00	1.287432e-05
1.022460937500000e+00	1.287432e-05
1.024414062500000e+00	1.287432e-05
1.026367187500000e+00	1.287432e-05
1.028320312500000e+00	1.287432e-05
1.030273437500000e+00	1.287432e-05
1.032226562500000e+00	1.287432e-05
1.034179687500000e+00	1.287432e-05
1.038085937500000e+00	1.287432e-05
1.040039062500000e+00	1.287432e-05
1.041992187500000e+00	1.287432e-05
1.043945312500000e+00	1.287432e-05
1.045898437500000e+00	1.287432e-05
1.047851562500000e+00	1.287432e-05
1.049804687500000e+00	1.287432e-05
1.051757812500000e+00	1.287432e-05
1.053710937500000e+00	1.287432e-05
1.057617187500000e+00	1.287432e-05
1.059570312500000e+00	1.287432e-05
1.061523437500000e+00	1.287432e-05
1.063476562500000e+00	1.287432e-05
1.065429687500000e+00	1.287432e-05
1.067382812500000e+00	1.287432e-05
1.069335937500000e+00	1.287432e-05
1.071289062500000e+00	1.287432e-05
1.073242187500000e+00	1.287432e-05
1.077148437500000e+00	1.287432e-05
1.079101562500000e+00	1.287432e-05
1.081054687500000e+00	1.287432e-05
1.084960937500000e+00	1.287432e-05
1.086914062500000e+00	1.287432e-05
1.088867187500000e+00	1.287432e-05
1.090820312500000e+00	1.287432e-05
1.092773437500000e+00	1.287432e-05
1.094726562500000e+00	1.287432e-05
1.096679687500000e+00	1.287432e-05
1.098632812500000e+00	1.287432e-05
1.100585937500000e+00	1.287432e-05
1.102539062500000e+00	1.287432e-05
1.104492187500000e+00	1.287432e-05
1.106445312500000e+00	1.287432e-05
1.108398437500000e+00	1.287432e-05
1.110351562500000e+00	1.287432e-05
1.112304687500000e+00	1.287432e-05
1.114257812500000e+00	1.287432e-05
1.116210937500000e+00	1.287432e-05
1.118164062500000e+00	1.287432e-05
1.120117187500000e+00	1.287432e-05
1.122070312500000e+00	1.287432e-05
1.124023437500000e+00	1.287432e-05
1.125976562500000e+00	1.287432e-05
1.127929687500000e+00	1.287432e-05
1.129882812500000e+00	1.287432e-05
1.131835937500000e+00	1.287432e-05
1.133789062500000e+00	1.287432e-05
1.135742187500000e+00	1.287432e-05
1.139648437500000e+00	1.287432e-05
1.143554687500000e+00	1.287432e-05
1.145507812500000e+00	1.287432e-05
1.147460937500000e+00	1.287432e-05
1.149414062500000e+00	1.287432e-05
1.151367187500000e+00	1.287432e-05
1.153320312500000e+00	1.287432e-05
1.155273437500000e+00	1.287432e-05
1.157226562500000e+00	1.287432e-05
1.159179687500000e+00	1.287432e-05
1.161132812500000e+00	1.287432e-05
1.163085937500000e+00	1.287432e-05
1.165039062500000e+00	1.287432e-05
1.166992187500000e+00	1.287432e-05
1.170898437500000e+00	1.287432e-05
1.174804687500000e+00	1.287432e-05
1.176757812500000e+00	1.287432e-05
1.178710937500000e+00	1.287432e-05
1.180664062500000e+00	1.287432e-05
1.184570312500000e+00	1.287432e-05
1.186523437500000e+00	1.287432e-05
1.190429687500000e+00	1.287432e-05
1.192382812500000e+00	1.287432e-05
1.194335937500000e+00	1.287432e-05
1.196289062500000e+00	1.287432e-05
1.198242187500000e+00	1.287432e-05
1.202148437500000e+00	1.287432e-05
1.204101562500000e+00	1.287432e-05
1.206054687500000e+00	1.287432e-05
1.209960937500000e+00	1.287432e-05
1.213867187500000e+00	1.287432e-05
1.219726562500000e+00	1.287432e-05
1.221679687500000e+00	1.287432e-05
1.225585937500000e+00	1.287432e-05
1.226981026785714e+00	1.287432e-05
1.228376116071429e+00	1.287432e-05
1.229771205357143e+00	1.287432e-05
1.231166294642857e+00	1.287432e-05
1.232561383928571e+00	1.287432e-05
1.233956473214286e+00	1.287432e-05
1.235351562500000e+00	1.287432e-05
1.237304687500000e+00	1.287432e-05
1.241210937500000e+00	1.287432e-05
1.245117187500000e+00	1.287432e-05
1.247070312500000e+00	1.287432e-05
1.249023437500000e+00	1.287432e-05
1.250976562500000e+00	1.287432e-05
1.252929687500000e+00	1.287432e-05
1.256835937500000e+00	1.287432e-05
1.260742187500000e+00	1.287432e-05
1.264648437500000e+00	1.287432e-05
1.268554687500000e+00	1.287432e-05
1.270507812500000e+00	1.287432e-05
1.274414062500000e+00	1.287432e-05
1.278320312500000e+00	1.287432e-05
1.282226562500000e+00	1.287432e-05
1.283900669642857e+00	1.287432e-05
1.285574776785714e+00	1.287432e-05
1.287248883928571e+00	1.287432e-05
1.288922991071429e+00	1.287432e-05
1.290597098214286e+00	1.287432e-05
1.292271205357143e+00	1.287432e-05
1.293945312500000e+00	1.287432e-05
1.295898437500000e+00	1.287432e-05
1.299804687500000e+00	1.287432e-05
1.301478794642857e+00	1.287432e-05
1.303152901785714e+00	1.287432e-05
1.304827008928571e+00	1.287432e-05
1.306501116071429e+00	1.287432e-05
1.308175223214286e+00	1.287432e-05
1.309849330357143e+00	1.287432e-05
1.311523437500000e+00	1.287432e-05
1.315429687500000e+00	1.287432e-05
1.319335937500000e+00	1.287432e-05
1.321289062500000e+00	1.287432e-05
1.323242187500000e+00	1.287432e-05
1.327148437500000e+00	1.287432e-05
1.331054687500000e+00	1.287432e-05
1.334960937500000e+00	1.287432e-05
1.338867187500000e+00	1.287432e-05
1.340820312500000e+00	1.287432e-05
1.342773437500000e+00	1.287432e-05
1.346679687500000e+00	1.287432e-05
1.350585937500000e+00	1.287432e-05
1.352539062500000e+00	1.287432e-05
1.356445312500000e+00	1.287432e-05
1.358398437500000e+00	1.287432e-05
1.360351562500000e+00	1.287432e-05
1.362304687500000e+00	1.287432e-05
1.364257812500000e+00	1.287432e-05
1.368164062500000e+00	1.287432e-05
1.372070312500000e+00	1.287432e-05
1.374023437500000e+00	1.287432e-05
1.377929687500000e+00	1.287432e-05
1.379882812500000e+00	1.287432e-05
1.381835937500000e+00	1.287432e-05
1.385742187500000e+00	1.287432e-05
1.391601562500000e+00	1.287432e-05
1.395507812500000e+00	1.287432e-05
1.397460937500000e+00	1.287432e-05
1.401367187500000e+00	1.287432e-05
1.405273437500000e+00	1.287432e-05
1.407226562500000e+00	1.287432e-05
1.411132812500000e+00	1.287432e-05
1.416992187500000e+00	1.287432e-05
1.418945312500000e+00	1.287432e-05
1.422851562500000e+00	1.287432e-05
1.424804687500000e+00	1.287432e-05
1.428710937500000e+00	1.287432e-05
1.430664062500000e+00	1.287432e-05
1.434570312500000e+00	1.287432e-05
1.440429687500000e+00	1.287432e-05
1.442382812500000e+00	1.287432e-05
1.446289062500000e+00	1.287432e-05
1.450195312500000e+00	1.287432e-05
1.451869419642857e+00	1.287432e-05
1.453543526785714e+00	1.287432e-05
1.455217633928571e+00	1.287432e-05
1.456891741071429e+00	1.287432e-05
1.458565848214286e+00	1.287432e-05
1.460239955357143e+00	1.287432e-05
1.461914062500000e+00	1.287432e-05
1.463867187500000e+00	1.287432e-05
1.469726562500000e+00	1.287432e-05
1.473632812500000e+00	1.287432e-05
1.477539062500000e+00	1.287432e-05
1.481445312500000e+00	1.287432e-05
1.499023437500000e+00	1.287432e-05
1.502929687500000e+00	1.287432e-05
1.508789062500000e+00	1.287432e-05
1.512695312500000e+00	1.287432e-05
1.516601562500000e+00	1.287432e-05
1.518554687500000e+00	1.287432e-05
1.520507812500000e+00	1.287432e-05
1.524414062500000e+00	1.287432e-05
1.526367187500000e+00	1.287432e-05
1.528320312500000e+00	1.287432e-05
1.530273437500000e+00	1.287432e-05
1.532226562500000e+00	1.287432e-05
1.538085937500000e+00	1.287432e-05
1.541992187500000e+00	1.287432e-05
1.543945312500000e+00	1.287432e-05
1.547851562500000e+00	1.287432e-05
1.549804687500000e+00	1.287432e-05
1.551757812500000e+00	1.287432e-05
1.553710937500000e+00	1.287432e-05
1.557617187500000e+00	1.287432e-05
1.559570312500000e+00	1.287432e-05
1.561523437500000e+00	1.287432e-05
1.563476562500000e+00	1.287432e-05
1.565429687500000e+00	1.287432e-05
1.567382812500000e+00	1.287432e-05
1.569335937500000e+00	1.287432e-05
1.571289062500000e+00	1.287432e-05
1.573242187500000e+00	1.287432e-05
1.575195312500000e+00	1.287432e-05
1.577148437500000e+00	1.287432e-05
1.581054687500000e+00	1.287432e-05
1.583007812500000e+00	1.287432e-05
1.584960937500000e+00	1.287432e-05
1.588867187500000e+00	1.287432e-05
1.592773437500000e+00	1.287432e-05
1.594726562500000e+00	1.287432e-05
1.596679687500000e+00	1.287432e-05
1.600585937500000e+00	1.287432e-05
1.602539062500000e+00	1.287432e-05
1.606445312500000e+00	1.287432e-05
1.608398437500000e+00	1.287432e-05
1.610351562500000e+00	1.287432e-05
1.614257812500000e+00	1.287432e-05
1.618164062500000e+00	1.287432e-05
1.620117187500000e+00	1.287432e-05
1.622070312500000e+00	1.287432e-05
1.624023437500000e+00	1.287432e-05
1.627929687500000e+00	1.287432e-05
1.631835937500000e+00	1.287432e-05
1.637695312500000e+00	1.287432e-05
1.643554687500000e+00	1.287432e-05
1.647460937500000e+00	1.287432e-05
1.651367187500000e+00	1.287432e-05
1.655273437500000e+00	1.287432e-05
1.659179687500000e+00	1.287432e-05
1.663085937500000e+00	1.287432e-05
1.665039062500000e+00	1.287432e-05
1.668945312500000e+00	1.287432e-05
1.672851562500000e+00	1.287432e-05
1.674804687500000e+00	1.287432e-05
1.678710937500000e+00	1.287432e-05
1.680664062500000e+00	1.287432e-05
1.682617187500000e+00	1.287432e-05
1.684570312500000e+00	1.287432e-05
1.686523437500000e+00	1.287432e-05
1.688476562500000e+00	1.287432e-05
1.690429687500000e+00	1.287432e-05
1.692382812500000e+00	1.287432e-05
1.696289062500000e+00	1.287432e-05
1.700195312500000e+00	1.287432e-05
1.702148437500000e+00	1.287432e-05
1.706054687500000e+00	1.287432e-05
1.708007812500000e+00	1.287432e-05
1.711914062500000e+00	1.287432e-05
1.715820312500000e+00	1.287432e-05
1.717773437500000e+00	1.287432e-05
1.721679687500000e+00	1.287432e-05
1.723632812500000e+00	1.287432e-05
1.725585937500000e+00	1.287432e-05
1.731445312500000e+00	1.287432e-05
1.735351562500000e+00	1.287432e-05
1.737304687500000e+00	1.287432e-05
1.741210937500000e+00	1.287432e-05
1.762695312500000e+00	1.287432e-05
1.766601562500000e+00	1.287432e-05
1.768275669642857e+00	1.287432e-05
1.769949776785714e+00	1.287432e-05
1.771623883928571e+00	1.287432e-05
1.773297991071429e+00	1.287432e-05
1.774972098214286e+00	1.287432e-05
1.776646205357143e+00	1.287432e-05
1.778320312500000e+00	1.287432e-05
1.782226562500000e+00	1.287432e-05
1.783900669642857e+00	1.287432e-05
1.785574776785714e+00	1.287432e-05
1.787248883928571e+00	1.287432e-05
1.788922991071429e+00	1.287432e-05
1.790597098214286e+00	1.287432e-05
1.792271205357143e+00	1.287432e-05
1.793945312500000e+00	1.287432e-05
1.797851562500000e+00	1.287432e-05
1.801757812500000e+00	1.287432e-05
1.805664062500000e+00	1.287432e-05
1.807059151785714e+00	1.287432e-05
1.808454241071429e+00	1.287432e-05
1.809849330357143e+00	1.287432e-05
1.811244419642857e+00	1.287432e-05
1.812639508928571e+00	1.287432e-05
1.814034598214286e+00	1.287432e-05
1.815429687500000e+00	1.287432e-05
1.817382812500000e+00	1.287432e-05
1.821289062500000e+00	1.287432e-05
1.825195312500000e+00	1.287432e-05
1.826869419642857e+00	1.287432e-05
1.828543526785714e+00	1.287432e-05
1.830217633928571e+00	1.287432e-05
1.831891741071429e+00	1.287432e-05
1.833565848214286e+00	1.287432e-05
1.835239955357143e+00	1.287432e-05
1.836914062500000e+00	1.287432e-05
1.840820312500000e+00	1.287432e-05
1.844726562500000e+00	1.287432e-05
1.848632812500000e+00	1.287432e-05
1.854492187500000e+00	1.287432e-05
1.856445312500000e+00	1.287432e-05
1.862304687500000e+00	1.287432e-05
1.864257812500000e+00	1.287432e-05
1.868164062500000e+00	1.287432e-05
1.872070312500000e+00	1.287432e-05
1.874023437500000e+00	1.287432e-05
1.877929687500000e+00	1.287432e-05
1.879882812500000e+00	1.287432e-05
1.883789062500000e+00	1.287432e-05
1.885742187500000e+00	1.287432e-05
1.887695312500000e+00	1.287432e-05
1.891601562500000e+00	1.287432e-05
1.895507812500000e+00	1.287432e-05
1.897460937500000e+00	1.287432e-05
1.901367187500000e+00	1.287432e-05
1.915039062500000e+00	1.287432e-05
1.918945312500000e+00	1.287432e-05
1.922851562500000e+00	1.287432e-05
1.926757812500000e+00	1.287432e-05
1.930664062500000e+00	1.287432e-05
1.934570312500000e+00	1.287432e-05
1.936523437500000e+00	1.287432e-05
1.938476562500000e+00	1.287432e-05
1.942382812500000e+00	1.287432e-05
1.946289062500000e+00	1.287432e-05
1.950195312500000e+00	1.287432e-05
1.952148437500000e+00	1.287432e-05
1.954101562500000e+00	1.287432e-05
1.958007812500000e+00	1.287432e-05
1.959960937500000e+00	1.287432e-05
1.961914062500000e+00	1.287432e-05
1.963867187500000e+00	1.287432e-05
1.965820312500000e+00	1.287432e-05
1.967773437500000e+00	1.287432e-05
1.969726562500000e+00	1.287432e-05
1.971679687500000e+00	1.287432e-05
1.975585937500000e+00	1.287432e-05
1.979492187500000e+00	1.287432e-05
1.983398437500000e+00	1.287432e-05
1.985351562500000e+00	1.287432e-05
1.989257812500000e+00	1.287432e-05
1.991210937500000e+00	1.287432e-05
1.993164062500000e+00	1.287432e-05
1.997070312500000e+00	1.287432e-05
1.999023437500000e+00	1.287432e-05
2.000000000000000e+00	1.287432e-05
